image_width: 640
image_height: 480
camera_name: camera_fhd
camera_matrix:
  rows: 3
  cols: 3
  data: [468.322162, 0.000000, 323.828038, 0.000000, 438.997129, 245.144571, 0.000000, 0.000000, 1.000000]
distortion_model: plumb_bob
distortion_coefficients:
  rows: 1
  cols: 5
  data: [-0.386495, 0.130649, -0.004229, 0.002786, 0.000000]
rectification_matrix:
  rows: 3
  cols: 3
  data: [1.000000, 0.000000, 0.000000, 0.000000, 1.000000, 0.000000, 0.000000, 0.000000, 1.000000]
projection_matrix:
  rows: 3
  cols: 4
  data: [365.699036, 0.000000, 330.579062, 0.000000, 0.000000, 380.715118, 243.964358, 0.000000, 0.000000, 0.000000, 1.000000, 0.000000]
